0 1 51 0 20
1 1 64 3 34
2 164 7 3 8
3 157 7 2 18
4 157 7 1 5
5 162 7 0 34
6 162 9 1 44
7 170 9 0 22
8 170 19 3 38
9 155 19 2 41
10 155 9 3 25
11 155 9 0 1
12 155 10 3 37
13 149 10 0 34
14 149 15 1 33
15 150 15 2 28
16 150 14 1 29
17 151 14 2 14
18 151 12 1 1
19 152 12 0 36
20 152 13 3 28
21 151 13 0 42
22 151 14 1 18
23 151 14 2 31
24 151 12 1 36
25 168 12 2 38
26 168 11 3 43
27 157 11 2 16
28 157 7 3 6
29 157 7 2 41
30 157 7 3 4
31 157 7 2 41
32 157 7 3 50
33 157 7 0 15
34 157 22 1 10
35 159 22 2 3
36 159 19 1 22
37 177 19 2 20
38 2 77 0 17
39 2 78 1 28
40 5 78 0 4
41 5 82 3 50
42 2 82 0 14
43 2 85 1 13
44 11 85 0 16
45 11 86 3 20
46 5 86 0 3
47 5 88 1 35
48 5 88 0 7
49 5 88 1 13
50 5 88 2 2
51 5 86 1 22
52 27 86 0 24
53 27 87 1 9
54 36 87 2 9
55 36 81 3 12
56 32 81 2 36
57 32 76 3 13
58 19 76 0 31
59 19 83 3 38
60 183 4 3 28
61 155 4 2 50
62 16 55 0 38
63 16 59 3 17
64 13 59 0 46
65 13 76 1 13
66 26 76 0 46
67 26 76 3 1
68 25 76 2 38
69 25 75 1 21
70 31 75 0 35
71 31 80 1 15
72 35 80 0 31
73 35 85 3 5
74 30 85 0 19
75 30 90 3 7
76 23 90 0 18
77 23 105 1 38
78 23 105 2 9
79 23 96 1 15
80 24 96 0 31
81 24 100 1 40
82 24 100 0 16
83 24 100 3 28
84 18 100 0 42
85 18 104 3 3
86 16 104 0 40
87 16 115 1 37
88 40 115 0 1
89 40 116 1 49
90 46 116 0 32
91 46 148 3 5
92 41 148 0 5
93 110 98 1 16
94 112 98 0 34
95 39 138 3 22
96 30 138 0 36
97 30 144 3 3
98 27 144 2 36
99 27 144 3 10
100 20 144 2 50
101 20 134 3 30
102 19 134 2 5
103 19 131 1 13
104 26 131 0 13
105 26 137 3 39
106 24 137 2 42
107 24 136 3 20
108 24 136 0 10
109 24 146 1 27
110 32 146 0 33
111 119 89 1 34
112 124 89 0 22
113 124 89 3 45
114 115 89 2 23
115 115 72 3 47
116 114 72 2 12
117 114 69 1 27
118 130 69 2 36
119 130 55 1 27
120 134 55 0 7
121 134 62 1 13
122 140 62 0 50
123 140 75 1 19
124 146 75 2 3
125 146 72 1 6
126 172 49 3 36
127 160 49 0 45
128 147 60 0 23
129 147 74 3 1
130 146 74 0 19
131 146 80 3 33
132 139 80 0 27
133 139 82 1 28
134 148 82 0 42
135 148 91 3 42
136 143 91 0 48
137 8 149 1 12
138 8 149 0 46
139 143 88 1 17
140 143 88 0 37
141 8 149 1 1
142 8 149 0 40
143 143 88 1 23
144 143 88 2 1
145 143 88 3 49
146 141 88 0 35
147 10 150 1 34
148 14 150 0 43
149 137 90 3 13
150 134 90 0 37
151 134 98 1 31
152 135 98 0 3
153 16 150 1 27
154 21 150 2 30
155 21 143 1 38
156 26 143 2 16
157 26 139 1 49
158 32 139 2 47
159 32 109 1 50
160 36 109 2 19
161 36 104 1 23
162 42 104 2 14
163 42 102 1 45
164 52 100 3 10
165 43 100 2 22
166 43 99 1 17
167 51 99 2 30
168 51 77 1 1
169 52 77 0 28
170 52 80 1 42
171 56 80 0 8
172 56 80 1 50
173 56 80 2 30
174 56 74 3 4
175 52 74 0 45
176 52 80 1 32
177 56 80 0 7
178 56 80 3 18
179 51 80 0 27
180 44 101 0 32
181 44 110 3 12
182 32 110 2 9
183 32 109 3 41
184 22 109 0 25
185 22 115 1 41
186 40 115 2 50
187 40 79 1 4
188 40 79 0 50
189 40 122 3 32
190 15 122 0 13
191 15 124 1 46
192 15 124 0 43
193 15 124 1 3
194 15 124 2 36
195 15 112 3 17
196 11 112 0 19
197 11 112 1 34
198 18 112 2 15
199 18 106 1 46
200 22 106 2 27
201 22 103 1 2
202 24 103 0 39
203 24 104 1 26
204 30 104 0 46
205 30 116 3 42
206 23 116 0 1
207 23 117 3 28
208 14 117 0 28
209 14 120 1 28
210 15 120 2 11
211 15 112 3 26
212 11 112 0 30
213 11 112 3 49
214 11 112 2 5
215 11 107 1 33
216 27 107 0 32
217 27 126 1 9
218 30 126 2 26
219 30 121 3 28
220 26 121 2 15
221 26 106 1 2
222 26 106 2 14
223 26 93 1 29
224 55 93 2 27
225 55 77 3 28
226 34 77 2 38
227 34 75 1 5
228 39 75 2 27
229 39 71 1 18
230 40 71 2 14
231 40 58 1 33
232 47 58 2 11
233 47 53 1 50
234 50 53 2 6
235 101 4 3 22
236 54 62 3 16
237 44 62 0 36
238 44 69 1 7
239 45 69 2 10
240 45 59 3 9
241 38 59 2 24
242 38 58 3 27
243 11 58 2 46
244 140 7 3 16
245 124 7 0 35
246 124 8 3 46
247 121 8 0 9
248 121 14 3 46
249 118 14 0 32
250 118 27 1 35
251 136 27 0 39
252 136 28 3 36
253 133 28 0 41
254 133 44 1 23
255 156 44 0 30
256 145 56 2 41
257 145 50 1 31
258 170 50 0 50
259 143 70 2 6
260 143 65 1 45
261 165 43 3 27
262 138 43 0 18
263 138 45 3 17
264 134 45 0 13
265 134 45 1 35
266 140 45 0 46
267 140 48 1 18
268 142 48 2 7
269 142 41 3 6
270 139 41 2 12
271 139 36 1 46
272 139 36 0 37
273 139 53 1 3
274 142 53 0 45
275 142 69 3 18
276 132 69 0 44
277 132 72 3 48
278 118 72 2 17
279 118 68 1 11
280 119 68 0 6
281 119 72 1 12
282 131 72 0 44
283 131 87 1 46
284 142 87 0 17
285 142 90 3 39
286 134 90 0 31
287 134 98 3 30
288 126 98 2 19
289 126 96 1 49
290 137 96 2 47
291 137 90 1 18
292 149 90 2 21
293 149 86 1 46
294 186 50 3 3
295 183 50 0 24
296 150 83 2 31
297 150 74 1 26
298 174 25 1 38
299 179 25 2 28
300 179 21 3 2
301 177 21 2 27
302 4 77 2 49
303 4 61 3 23
304 161 20 1 49
305 164 20 2 35
306 164 9 1 36
307 170 9 2 15
308 170 7 1 45
309 173 7 2 20
310 14 73 2 17
311 14 73 3 42
312 173 23 1 39
313 173 23 2 19
314 173 4 3 3
315 170 4 0 10
316 170 5 1 29
317 182 5 0 44
318 182 17 3 23
319 176 17 2 35
320 176 7 1 16
321 192 7 0 44
322 192 16 1 13
323 196 16 2 21
324 196 10 1 47
325 14 110 0 44
326 14 115 1 34
327 40 115 2 4
328 40 111 1 29
329 42 111 2 25
330 42 106 1 31
331 45 106 2 33
332 45 93 1 8
333 53 93 0 5
334 53 94 1 32
335 55 94 2 47
336 55 77 1 13
337 68 77 0 30
338 68 78 1 34
339 68 78 2 31
340 68 75 3 43
341 61 75 2 43
342 61 58 3 28
343 61 58 0 47
344 61 77 3 41
345 34 77 2 20
346 34 75 1 3
347 37 75 2 34
348 37 60 1 1
349 38 60 2 13
350 38 58 3 29
351 9 58 2 10
352 9 53 3 7
353 9 53 2 32
354 9 53 1 30
355 20 53 2 12
356 20 51 1 35
357 20 51 0 27
358 20 71 3 32
359 8 71 2 25
360 8 59 1 19
361 9 59 0 1
362 9 60 3 10
363 7 60 2 30
364 144 5 1 3
365 147 5 0 43
366 147 11 1 6
367 150 11 2 35
368 1 64 1 44
369 18 64 2 25
370 18 56 1 31
371 26 56 0 33
372 26 70 1 34
373 30 70 0 32
374 30 77 1 48
375 32 77 2 19
376 32 76 3 15
377 17 76 0 20
378 17 78 1 43
379 17 78 0 7
380 17 78 1 27
381 17 78 2 33
382 17 56 1 27
383 26 56 0 37
384 26 70 1 12
385 30 70 0 34
386 30 77 1 24
387 32 77 0 13
388 32 90 1 2
389 34 90 0 14
390 34 94 1 15
391 35 94 0 27
392 35 121 3 11
393 26 121 0 35
394 26 123 1 23
395 39 123 2 31
396 39 114 3 3
397 36 114 0 8
398 36 122 1 16
399 42 122 2 22
400 42 121 3 28
401 26 121 2 36
402 26 93 1 26
403 52 93 2 10
404 52 83 3 28
405 47 83 2 3
406 47 80 3 26
407 37 80 0 49
408 37 100 3 32
409 26 100 0 19
410 26 119 3 13
411 13 119 0 20
412 13 123 3 36
413 195 23 0 3
414 195 26 1 19
415 14 126 2 22
416 14 123 3 33
417 195 23 2 26
418 195 20 3 25
419 195 20 0 27
420 195 35 3 15
421 180 35 0 17
422 180 46 3 44
423 173 46 2 37
424 173 46 1 28
425 181 46 0 37
426 147 81 0 14
427 147 88 1 35
428 188 42 3 34
429 187 42 0 27
430 187 45 3 26
431 178 45 2 27
432 178 45 1 15
433 193 45 0 21
434 193 50 1 45
435 195 50 0 3
436 148 95 0 3
437 148 98 1 17
438 198 41 1 25
439 3 141 0 5
440 3 143 3 48
441 200 43 2 28
442 200 15 3 38
443 191 15 2 36
444 12 91 0 27
445 12 97 3 25
446 12 97 0 8
447 12 97 1 20
448 32 97 2 42
449 32 76 3 18
450 14 76 2 35
451 14 73 3 26
452 173 13 3 4
453 169 13 2 41
454 169 13 1 35
455 173 13 0 47
456 173 23 3 28
457 170 23 2 12
458 170 21 3 25
459 165 21 0 5
460 165 26 3 25
461 158 26 2 30
462 158 21 3 16
463 153 21 0 42
464 138 53 0 18
465 138 66 1 6
466 144 66 2 17
467 144 59 3 33
468 142 59 0 21
469 142 69 3 25
470 132 69 2 31
471 132 68 3 14
472 121 68 2 31
473 121 66 3 46
474 119 66 2 31
475 119 66 1 30
476 122 66 2 9
477 122 57 3 11
478 111 57 0 48
479 111 67 3 28
480 109 67 0 48
481 109 84 3 26
482 87 84 0 20
483 87 93 3 30
484 84 93 0 32
485 84 96 3 42
486 82 96 2 30
487 82 96 3 6
488 82 96 2 39
489 82 96 1 2
490 84 96 0 10
491 84 96 3 14
492 82 96 2 7
493 82 96 3 13
494 82 96 2 27
495 82 96 3 19
496 82 96 0 32
497 43 132 0 26
498 43 138 3 16
499 30 138 0 47
500 30 144 3 6
501 24 144 2 41
502 24 136 1 41
503 86 86 3 12
504 75 86 0 7
505 75 93 1 3
506 75 93 0 17
507 75 95 1 36
508 81 95 0 11
509 81 95 1 49
510 81 95 0 48
511 81 95 1 33
512 81 95 2 14
513 81 89 1 26
514 94 89 0 48
515 37 144 2 14
516 37 140 3 33
517 26 140 0 48
518 125 99 1 38
519 125 99 2 24
520 125 99 1 12
521 125 99 0 27
522 26 139 3 8
523 18 139 2 47
524 18 135 3 24
525 16 135 0 18
526 16 142 1 30
527 20 142 0 29
528 20 150 1 9
529 21 150 2 24
530 21 143 3 9
531 17 143 2 27
532 17 116 1 38
533 17 116 2 16
534 17 101 1 49
535 18 101 2 48
536 18 99 1 16
537 19 99 0 16
538 19 100 3 9
539 18 100 0 8
540 18 104 3 50
541 16 104 0 39
542 16 115 3 46
543 10 115 0 21
544 10 127 3 40
545 7 127 2 7
546 7 120 1 7
547 10 120 0 25
548 10 127 1 8
549 12 127 2 42
550 12 120 1 29
551 15 120 2 36
552 15 112 3 30
553 11 112 2 4
554 11 108 1 32
555 31 108 0 19
556 31 117 1 11
557 41 117 2 12
558 41 116 3 1
559 40 116 2 32
560 40 84 3 47
561 35 84 2 13
562 35 71 1 32
563 40 71 2 14
564 40 58 3 5
565 35 58 2 29
566 116 4 3 3
567 113 4 0 14
568 113 5 1 30
569 115 5 0 5
570 115 10 1 7
571 122 10 0 42
572 122 41 3 14
573 115 41 2 34
574 115 39 3 40
575 104 39 2 8
576 104 31 3 10
577 81 57 3 41
578 78 57 2 19
579 78 56 3 4
580 78 56 0 37
581 78 61 1 13
582 80 61 2 46
583 103 30 2 34
584 103 17 3 34
585 67 52 3 14
586 59 52 2 17
587 110 9 0 8
588 110 17 1 35
589 120 17 0 45
590 120 22 3 7
591 118 22 2 11
592 118 11 3 44
593 108 11 0 9
594 108 16 3 6
595 107 16 2 35
596 107 14 1 20
597 111 14 0 39
598 111 25 3 23
599 101 25 0 23
600 101 48 3 29
601 98 66 3 21
602 90 66 0 48
603 90 75 1 20
604 107 75 2 8
605 107 67 1 41
606 107 67 2 32
607 107 65 3 28
608 106 65 2 3
609 106 62 1 18
610 106 62 0 32
611 106 82 1 26
612 115 82 0 49
613 115 96 3 7
614 110 96 2 29
615 110 84 1 4
616 110 84 2 7
617 110 84 1 39
618 110 84 0 35
619 41 144 3 44
620 37 144 0 38
621 37 147 3 5
622 32 147 0 14
623 119 90 3 10
624 113 90 0 13
625 113 97 3 10
626 105 97 0 38
627 46 116 1 3
628 46 116 0 1
629 46 117 1 3
630 49 117 2 29
631 49 107 1 11
632 50 107 0 50
633 50 113 1 39
634 63 100 1 31
635 63 100 0 48
636 46 113 2 8
637 46 110 1 49
638 60 97 3 40
639 37 97 0 27
640 37 100 1 11
641 41 100 2 36
642 41 99 3 10
643 34 99 0 6
644 34 105 3 9
645 25 105 2 9
646 25 101 3 2
647 25 101 2 33
648 25 101 1 28
649 28 101 0 10
650 28 106 3 19
651 28 106 0 17
652 28 106 3 10
653 28 106 0 46
654 28 106 1 46
655 45 106 2 46
656 45 93 1 9
657 54 93 0 7
658 54 100 3 18
659 43 100 0 25
660 43 102 1 9
661 52 100 1 50
662 56 100 2 35
663 56 95 3 45
664 54 95 2 40
665 54 73 1 13
666 55 73 0 46
667 55 75 3 27
668 33 75 2 32
669 33 63 1 2
670 35 63 0 13
671 35 76 1 33
672 35 76 0 22
673 35 85 1 16
674 47 85 0 48
675 47 93 3 11
676 36 93 2 14
677 36 81 1 17
678 48 81 2 19
679 48 80 1 22
680 49 80 2 28
681 49 75 3 20
682 33 75 0 1
683 33 75 1 43
684 57 75 2 7
685 57 72 3 27
686 55 72 0 12
687 55 75 1 25
688 57 75 0 18
689 57 78 3 40
690 41 78 2 36
691 41 72 3 21
692 41 72 2 7
693 41 72 3 24
694 41 72 2 2
695 41 72 1 44
696 53 72 0 24
697 53 94 3 41
698 48 94 2 16
699 48 88 1 22
700 70 88 0 23
701 43 120 2 46
702 43 115 1 19
703 45 115 0 27
704 45 128 3 22
705 42 128 2 14
706 42 126 3 39
707 37 126 2 35
708 37 110 3 8
709 29 110 2 45
710 29 108 3 29
711 200 8 2 20
712 200 1 3 21
713 195 1 0 43
714 195 2 3 10
715 185 2 0 43
716 185 4 1 44
717 186 4 0 7
718 186 11 3 47
719 181 11 2 28
720 6 81 2 10
721 6 79 3 30
722 3 79 2 11
723 3 68 3 8
724 168 6 1 22
725 169 6 2 35
726 5 69 2 6
727 5 63 1 17
728 6 63 0 34
729 6 65 3 47
730 3 65 2 5
731 3 60 1 47
732 3 60 0 42
733 3 85 1 33
734 11 85 0 37
735 11 86 3 36
736 5 86 2 46
737 5 78 1 10
738 5 78 2 14
739 5 78 3 42
740 1 78 0 48
741 1 81 3 29
742 181 25 3 43
743 181 25 0 6
744 181 25 3 33
745 181 25 2 23
746 181 2 3 37
747 177 2 0 40
748 177 37 1 42
749 185 37 0 11
750 185 47 1 14
751 199 47 0 48
752 135 99 0 6
753 16 146 1 12
754 16 146 0 33
755 135 83 1 47
756 138 83 2 26
757 138 81 3 26
758 127 81 0 19
759 127 82 1 7
760 129 82 0 7
761 129 88 3 18
762 124 88 2 37
763 124 83 1 19
764 125 83 0 26
765 125 88 1 41
766 130 88 0 14
767 130 90 3 25
768 125 90 2 4
769 125 90 3 48
770 125 90 0 32
771 125 97 1 17
772 142 97 0 43
773 9 150 1 1
774 10 150 2 28
775 10 150 1 2
776 12 150 0 8
777 139 99 1 20
778 199 45 1 9
779 2 145 2 9
780 2 145 3 47
781 178 45 2 4
782 178 45 3 15
783 178 45 2 5
784 178 45 3 1
785 178 45 2 41
786 178 45 1 12
787 190 45 0 50
788 190 50 3 27
789 179 50 0 1
790 150 79 0 49
791 150 83 3 3
792 150 83 2 33
793 150 74 3 15
794 149 74 2 28
795 149 60 1 15
796 160 45 3 8
797 152 45 2 5
798 152 40 3 41
799 147 40 2 20
800 147 38 1 13
801 160 38 2 47
802 160 31 3 48
803 149 31 2 29
804 149 20 3 2
805 149 20 0 20
806 149 36 3 48
807 143 36 0 33
808 143 38 1 17
809 160 38 0 24
810 160 43 3 28
811 133 43 2 46
812 133 1 3 49
813 133 1 0 27
814 133 28 3 22
815 133 28 0 8
816 133 36 3 7
817 129 36 0 6
818 129 42 1 47
819 136 42 2 50
820 136 33 1 25
821 160 33 2 11
822 160 31 1 46
823 164 31 2 12
824 164 22 1 29
825 174 22 2 36
826 174 18 1 26
827 181 18 0 47
828 181 25 3 47
829 181 25 0 9
830 181 25 3 30
831 181 25 0 24
832 181 25 3 44
833 181 25 2 19
834 181 6 3 26
835 179 6 0 10
836 179 14 1 43
837 182 14 2 21
838 182 1 1 30
839 192 1 2 9
840 6 92 2 30
841 6 89 3 21
842 6 89 2 19
843 6 89 3 3
844 6 89 2 26
845 6 89 1 46
846 13 89 0 12
847 13 89 1 42
848 13 89 0 6
849 13 89 1 50
850 13 89 2 5
851 13 84 3 37
852 5 84 0 25
853 5 88 1 14
854 5 88 0 20
855 5 88 3 43
856 5 88 0 19
857 5 88 1 42
858 5 88 0 22
859 5 88 1 1
860 5 88 0 27
861 5 88 3 44
862 5 88 0 10
863 5 88 1 13
864 5 88 0 29
865 5 88 3 2
866 5 88 0 31
867 5 88 3 42
868 5 88 0 16
869 5 88 3 22
870 5 88 0 35
871 5 88 3 12
872 5 88 0 8
873 5 88 3 38
874 5 88 2 41
875 5 78 1 22
876 5 78 0 42
877 5 88 3 16
878 5 88 0 20
879 5 88 1 9
880 5 88 0 12
881 5 88 3 17
882 5 88 2 8
883 5 80 1 1
884 6 80 0 18
885 6 87 3 33
886 187 3 1 18
887 189 3 0 5
888 189 4 3 24
889 188 4 2 9
890 3 88 2 17
891 3 87 3 31
892 187 3 1 7
893 189 3 0 23
894 189 4 3 38
895 188 4 2 30
896 3 88 2 35
897 3 87 1 5
898 8 87 0 19
899 8 95 1 12
900 16 95 2 38
901 16 75 3 49
902 1 75 2 48
903 1 71 1 4
904 5 71 2 47
905 5 63 3 32
906 163 2 1 18
907 173 2 0 49
908 173 23 3 10
909 170 23 0 6
910 170 26 1 4
911 174 26 2 37
912 174 24 3 1
913 174 24 2 47
914 174 24 1 40
915 186 24 0 40
916 186 36 1 21
917 194 36 0 40
918 194 37 3 20
919 191 37 0 17
920 191 43 1 20
921 198 43 2 20
922 198 41 1 1
923 199 41 2 25
924 199 33 3 49
925 193 33 0 16
926 193 37 1 19
927 197 37 0 3
928 197 40 3 44
929 197 40 2 17
930 197 32 3 3
931 194 32 0 24
932 194 37 1 41
933 197 37 2 16
934 197 32 3 18
935 194 32 0 42
936 194 37 1 44
937 197 37 2 7
938 197 32 1 20
939 198 32 2 43
940 198 12 1 20
941 198 12 2 34
942 198 12 1 22
943 198 12 2 45
944 198 12 1 50
945 198 12 2 42
946 198 12 1 8
947 198 12 2 34
948 198 12 3 33
949 170 12 2 41
950 170 7 3 40
951 167 7 0 28
952 167 14 3 4
953 164 14 2 40
954 164 9 1 2
955 166 9 2 25
956 166 8 1 43
957 173 8 0 40
958 173 23 3 35
959 170 23 2 17
960 170 21 1 2
961 172 21 2 23
962 172 18 3 20
963 172 18 0 29
964 172 27 3 32
965 171 27 0 22
966 171 27 1 28
967 174 27 0 4
968 174 31 1 18
969 179 31 0 36
970 179 34 1 19
971 182 34 2 14
972 182 31 3 24
973 182 31 0 18
974 182 45 3 18
975 178 45 0 31
976 178 46 1 39
977 181 46 0 43
978 147 81 2 26
979 147 76 1 25
980 176 44 3 1
981 175 44 0 32
982 150 75 0 47
983 150 83 3 6
984 150 83 0 27
985 150 83 1 46
986 183 43 3 36
987 177 43 0 16
988 177 44 3 4
989 173 44 0 17
990 173 44 3 43
991 168 44 2 2
992 168 42 3 28
993 166 42 0 40
994 130 66 2 19
995 130 55 1 10
996 134 55 0 18
997 134 73 3 13
998 133 73 0 14
999 133 79 3 31
1000 120 79 2 50
1001 120 69 1 43
1002 130 69 0 46
1003 130 70 1 11
1004 141 70 0 41
1005 141 80 3 39
1006 139 80 0 27
1007 139 82 3 11
1008 136 82 0 15
1009 136 83 1 17
1010 138 83 0 1
1011 138 83 1 15
1012 138 83 2 48
1013 138 81 1 14
1014 140 81 0 39
1015 140 83 3 32
1016 140 83 2 35
1017 140 77 1 10
1018 150 77 2 31
1019 150 74 1 25
1020 174 26 1 33
1021 178 26 0 42
1022 178 43 1 35
1023 198 43 2 38
1024 198 41 3 31
1025 190 41 2 11
1026 190 38 3 5
1027 187 38 0 38
1028 187 38 1 35
1029 192 38 2 3
1030 192 35 3 2
1031 190 35 0 35
1032 190 36 1 27
1033 194 36 2 4
1034 194 32 3 19
1035 194 32 2 28
1036 194 24 3 18
1037 191 24 0 14
1038 191 28 3 39
1039 182 28 0 27
1040 182 29 3 23
1041 174 29 0 9
1042 174 38 1 39
1043 176 38 2 22
1044 176 16 3 14
1045 162 16 0 20
1046 162 20 1 44
1047 164 20 0 11
1048 164 20 3 26
1049 159 20 2 16
1050 159 4 3 6
1051 153 4 0 31
1052 153 7 3 28
1053 152 7 0 13
1054 152 13 3 4
1055 151 13 0 11
1056 151 14 1 48
1057 151 14 2 14
1058 151 12 1 1
1059 152 12 2 36
1060 152 4 1 2
1061 154 4 2 4
1062 1 54 0 5
1063 1 59 3 8
1064 159 8 1 12
1065 163 8 2 10
1066 163 4 1 30
1067 186 4 2 22
1068 1 86 0 5
1069 1 91 1 32
1070 12 91 0 22
1071 12 97 1 18
1072 30 97 2 41
1073 30 93 3 8
1074 26 93 0 10
1075 26 103 1 4
1076 30 103 0 12
1077 30 115 3 5
1078 25 115 2 16
1079 25 115 1 44
1080 40 115 0 17
1081 40 122 3 15
1082 25 122 2 14
1083 25 122 3 40
1084 15 122 2 26
1085 15 112 1 25
1086 18 112 2 29
1087 18 106 1 43
1088 22 106 0 39
1089 22 115 1 27
1090 40 115 0 16
1091 40 122 1 2
1092 42 122 2 31
1093 42 121 3 27
1094 26 121 2 37
1095 26 93 1 6
1096 32 93 0 9
1097 32 100 1 34
1098 41 100 2 47
1099 41 99 3 43
1100 34 99 2 45
1101 34 97 1 8
1102 35 97 2 16
1103 35 87 1 49
1104 43 87 0 36
1105 43 97 3 18
1106 37 97 0 23
1107 37 100 1 38
1108 41 100 0 42
1109 41 104 1 50
1110 42 104 0 8
1111 42 104 1 13
1112 42 104 0 23
1113 42 104 3 11
1114 32 104 0 50
1115 32 107 3 18
1116 30 107 2 40
1117 30 93 3 26
1118 26 93 2 22
1119 26 93 1 30
1120 56 93 0 44
1121 56 93 3 16
1122 40 93 0 35
1123 40 122 1 4
1124 42 122 0 44
1125 42 124 3 38
1126 27 124 2 34
1127 27 107 3 36
1128 7 107 2 7
1129 7 104 3 21
1130 5 104 2 23
1131 5 91 3 26
1132 191 22 1 24
1133 13 122 0 42
1134 13 123 3 30
1135 195 23 2 8
1136 195 20 1 30
1137 4 120 0 1
1138 4 121 3 23
1139 181 21 2 18
1140 181 3 3 22
1141 173 3 0 26
1142 173 23 3 47
1143 170 23 2 28
1144 170 21 1 6
1145 176 21 2 4
1146 176 17 3 21
1147 176 17 2 46
1148 176 7 3 18
1149 175 7 2 37
1150 175 2 3 33
1151 175 2 2 40
1152 175 2 1 8
1153 175 2 0 27
1154 175 10 3 11
1155 169 10 0 30
1156 169 11 1 14
1157 174 11 2 33
1158 174 10 1 40
1159 184 10 2 15
1160 3 84 0 25
1161 3 85 3 35
1162 185 4 1 23
1163 186 4 2 49
1164 1 86 0 34
1165 1 99 1 43
1166 19 99 2 9
1167 19 90 3 10
1168 19 90 2 20
1169 19 85 3 28
1170 19 85 2 37
1171 19 85 1 17
1172 36 85 2 29
1173 36 81 1 22
1174 48 81 0 32
1175 48 84 1 39
1176 66 84 0 22
1177 66 100 3 38
1178 65 100 2 22
1179 65 96 1 27
1180 74 96 0 16
1181 39 124 2 28
1182 39 114 1 21
1183 42 114 2 29
1184 42 106 1 8
1185 45 106 2 46
1186 45 93 3 28
1187 26 93 0 50
1188 26 123 3 11
1189 15 123 2 20
1190 15 112 3 8
1191 11 112 0 28
1192 11 112 1 26
1193 18 112 2 21
1194 18 106 3 10
1195 10 106 0 46
1196 10 111 3 50
1197 4 111 2 18
1198 4 110 1 12
1199 14 110 0 19
1200 14 115 3 28
1201 10 115 0 40
1202 10 127 1 47
1203 12 127 2 48
1204 12 120 3 2
1205 12 120 0 38
1206 12 135 1 34
1207 14 135 2 3
1208 14 132 3 45
1209 14 132 2 23
1210 14 129 1 35
1211 14 129 2 10
1212 14 129 3 25
1213 197 29 0 18
1214 197 30 3 38
1215 185 30 2 12
1216 185 24 1 7
1217 186 24 2 14
1218 186 10 1 19
1219 186 10 2 47
1220 1 86 0 9
1221 1 95 1 12
1222 13 95 2 6
1223 13 92 3 16
1224 8 92 2 41
1225 8 75 3 24
1226 1 75 2 50
1227 1 71 1 41
1228 6 71 2 18
1229 6 70 3 23
1230 3 70 2 46
1231 3 59 3 26
1232 159 24 3 45
1233 144 24 2 27
1234 144 7 1 12
1235 150 7 2 9
1236 1 53 1 9
1237 7 53 2 32
1238 144 5 1 15
1239 150 5 2 26
1240 1 64 3 47
1241 164 7 1 13
1242 165 7 2 35
1243 165 1 3 28
1244 157 1 0 21
1245 157 1 3 26
1246 157 1 2 25
1247 25 57 2 5
1248 25 56 1 7
1249 26 56 0 17
1250 26 70 3 5
1251 26 70 2 3
1252 26 67 3 14
1253 20 67 0 43
1254 20 71 1 48
1255 21 71 0 9
1256 21 80 3 4
1257 17 80 0 29
1258 17 88 3 17
1259 15 88 0 38
1260 15 99 1 4
1261 19 99 0 20
1262 19 100 3 21
1263 18 100 0 46
1264 18 104 3 2
1265 16 104 0 15
1266 16 115 3 12
1267 10 115 0 19
1268 10 127 3 27
1269 7 127 0 41
1270 7 141 1 8
1271 9 141 0 3
1272 9 142 1 39
1273 13 142 2 50
1274 13 133 1 5
1275 18 133 2 46
1276 18 117 3 15
1277 14 117 2 41
1278 14 117 3 17
1279 14 117 2 26
1280 14 117 1 21
1281 23 117 2 22
1282 23 107 1 38
1283 27 107 0 3
1284 27 110 3 48
1285 21 110 2 35
1286 21 110 1 22
1287 43 110 2 35
1288 43 105 3 5
1289 43 105 0 8
1290 43 110 3 25
1291 21 110 0 28
1292 21 111 3 11
1293 16 111 2 7
1294 16 104 3 17
1295 16 104 2 25
1296 16 79 3 43
1297 12 79 2 19
1298 12 61 1 49
1299 13 61 2 32
1300 138 4 3 31
1301 138 4 2 6
1302 13 53 1 9
1303 20 53 0 34
1304 20 71 3 26
1305 8 71 2 11
1306 8 60 3 21
1307 7 60 2 22
1308 144 5 1 31
1309 150 5 0 3
1310 150 8 1 14
1311 152 8 0 2
1312 152 10 1 10
1313 157 10 0 43
1314 157 24 3 14
1315 144 24 2 1
1316 144 23 1 41
1317 144 23 2 33
1318 144 7 3 43
1319 144 7 0 32
1320 144 29 1 45
1321 144 29 2 28
1322 144 7 1 10
1323 150 7 0 6
1324 150 12 3 1
1325 149 12 2 3
1326 149 9 1 3
1327 152 9 0 7
1328 152 13 3 18
1329 151 13 2 3
1330 151 12 1 16
1331 167 12 2 6
1332 167 6 1 1
1333 168 6 0 13
1334 168 9 1 30
1335 170 9 2 43
1336 170 7 1 28
1337 173 7 2 34
1338 18 73 0 44
1339 18 77 3 34
1340 14 77 2 30
1341 14 73 1 47
1342 18 73 0 19
1343 18 77 3 2
1344 16 77 0 25
1345 16 102 1 4
1346 20 102 2 40
1347 20 100 3 42
1348 18 100 2 49
1349 18 99 3 1
1350 17 99 0 16
1351 17 99 1 31
1352 19 99 0 20
1353 19 100 3 27
1354 18 100 2 34
1355 18 99 1 1
1356 19 99 0 35
1357 19 100 1 47
1358 24 100 0 33
1359 24 100 3 18
1360 18 100 2 31
1361 18 99 1 12
1362 19 99 0 21
1363 19 100 1 36
1364 24 100 2 36
1365 24 83 3 45
1366 183 4 3 21
1367 162 4 0 13
1368 162 4 3 9
1369 153 4 2 43
1370 153 3 3 27
1371 153 3 0 10
1372 153 7 1 11
1373 155 7 2 6
1374 155 1 1 24
1375 155 1 2 20
1376 16 55 2 17
1377 16 51 3 28
1378 6 51 2 24
1379 145 12 3 6
1380 139 12 0 23
1381 139 26 3 34
1382 136 26 0 3
1383 136 28 1 42
1384 170 28 2 48
1385 170 28 1 50
1386 170 28 0 46
1387 170 34 3 17
1388 153 34 0 25
1389 142 53 0 11
1390 142 64 3 45
1391 117 64 0 8
1392 117 65 3 12
1393 115 65 0 5
1394 115 69 3 33
1395 96 69 0 1
1396 96 70 3 33
1397 63 70 0 48
1398 63 70 1 43
1399 106 70 2 33
1400 106 38 3 20
1401 88 65 3 39
1402 69 65 0 33
1403 69 67 3 32
1404 55 67 2 14
1405 55 59 1 35
1406 57 59 2 27
1407 107 7 0 26
1408 107 10 3 12
1409 103 10 2 25
1410 48 56 3 19
1411 42 56 0 10
1412 42 66 3 44
1413 26 66 2 24
1414 26 56 1 13
1415 26 56 0 12
1416 26 68 1 24
1417 27 68 2 43
1418 27 61 3 6
1419 21 61 2 43
1420 21 54 1 46
1421 49 54 2 24
1422 102 9 1 25
1423 110 9 0 9
1424 110 18 3 37
1425 109 18 0 11
1426 109 29 3 28
1427 105 29 2 18
1428 105 24 1 33
1429 119 24 0 10
1430 119 34 3 16
1431 116 34 0 11
1432 116 45 1 3
1433 119 45 2 5
1434 119 40 3 19
1435 90 51 1 48
1436 128 51 0 42
1437 128 61 3 36
1438 116 61 0 47
1439 116 63 1 32
1440 144 63 0 36
1441 144 72 3 6
1442 138 72 2 32
1443 138 68 1 19
1444 145 68 0 21
1445 145 85 1 49
1446 148 85 2 3
1447 148 82 1 38
1448 148 82 2 33
1449 148 75 3 19
1450 148 75 2 27
1451 148 75 3 15
1452 148 75 2 10
1453 148 75 3 11
1454 148 75 2 32
1455 148 75 1 4
1456 148 75 0 23
1457 148 91 1 38
1458 191 45 1 11
1459 2 145 0 21
1460 2 150 1 16
1461 3 150 0 47
1462 148 93 3 21
1463 148 93 2 42
1464 148 93 1 12
1465 148 93 0 25
1466 3 146 1 23
1467 16 146 0 42
1468 135 83 1 41
1469 138 83 0 4
1470 138 83 3 8
1471 130 83 0 13
1472 130 90 1 20
1473 132 90 0 47
1474 132 98 3 47
1475 126 98 0 25
1476 126 98 1 1
1477 127 98 2 17
1478 127 84 1 33
1479 135 84 2 48
1480 135 83 1 17
1481 138 83 2 26
1482 138 81 1 17
1483 140 81 2 49
1484 140 77 1 10
1485 150 77 0 41
1486 150 83 3 43
1487 150 83 0 9
1488 150 83 3 29
1489 150 83 2 3
1490 150 80 3 42
1491 139 80 2 35
1492 139 80 3 26
1493 139 80 2 12
1494 139 80 1 17
1495 180 48 1 45
1496 184 48 0 42
1497 184 50 1 10
1498 194 50 2 31
1499 194 50 3 22
1500 179 50 2 46
1501 179 49 1 35
1502 181 49 2 35
1503 181 43 3 48
1504 177 43 0 5
1505 177 44 1 29
1506 177 44 0 9
1507 177 44 3 38
1508 168 44 0 44
1509 168 44 3 28
1510 168 44 0 44
1511 168 44 1 39
1512 177 44 2 19
1513 177 40 1 38
1514 195 40 0 49
1515 195 47 1 34
1516 3 147 2 12
1517 3 146 3 38
1518 190 46 0 45
1519 190 50 1 17
1520 195 50 2 18
1521 195 49 1 20
1522 4 149 2 26
1523 4 148 1 28
1524 5 148 0 47
1525 5 148 3 5
1526 200 48 2 24
1527 200 24 3 11
1528 191 24 0 21
1529 191 28 1 43
1530 191 28 2 34
1531 7 91 0 20
1532 7 91 1 39
1533 12 91 0 41
1534 12 97 3 11
1535 12 97 2 20
1536 12 86 3 10
1537 5 86 2 23
1538 5 78 3 21
1539 1 78 0 37
1540 1 81 3 4
1541 181 4 1 40
1542 186 4 0 42
1543 186 36 1 36
1544 194 36 0 32
1545 194 37 3 48
1546 191 37 2 35
1547 191 30 3 35
1548 185 30 0 29
1549 185 47 3 9
1550 181 47 2 10
1551 181 43 1 3
1552 184 43 2 39
1553 184 31 1 49
1554 188 31 2 17
1555 188 24 1 17
1556 189 24 2 42
1557 189 6 3 2
1558 187 6 0 9
1559 187 9 1 11
1560 195 9 0 17
1561 195 18 3 32
1562 189 18 0 20
1563 189 30 1 3
1564 192 30 0 16
1565 192 32 3 30
1566 173 32 2 49
1567 173 30 1 28
1568 174 30 0 22
1569 149 74 2 7
1570 149 67 1 4
1571 167 48 3 31
1572 164 48 2 31
1573 164 47 1 8
1574 171 47 0 48
1575 171 49 3 49
1576 160 49 0 4
1577 148 60 2 30
1578 148 60 3 7
1579 147 60 2 12
1580 147 53 3 38
1581 137 53 2 29
1582 137 51 1 12
1583 137 51 2 46
1584 137 51 3 14
1585 133 51 2 13
1586 133 48 1 32
1587 142 48 2 39
1588 142 40 1 11
1589 145 40 0 49
1590 145 48 1 48
1591 162 48 2 20
1592 162 48 3 6
1593 156 48 0 25
1594 145 56 2 9
1595 145 50 1 46
1596 170 50 2 20
1597 170 40 3 6
1598 164 40 2 24
1599 164 22 3 14
1600 161 22 2 37
1601 10 61 2 29
1602 10 60 1 18
1603 11 60 0 43
1604 11 60 1 28
1605 11 60 0 30
1606 11 60 3 7
1607 7 60 0 12
1608 7 62 1 19
1609 20 62 0 16
1610 20 71 3 27
1611 8 71 2 3
1612 8 68 1 21
1613 27 68 0 40
1614 27 70 3 24
1615 26 70 2 9
1616 26 61 3 42
1617 15 61 0 22
1618 15 69 3 31
1619 7 69 2 34
1620 7 64 1 5
1621 12 64 0 9
1622 12 73 1 37
1623 18 73 0 49
1624 18 77 3 1
1625 17 77 0 42
1626 17 78 3 16
1627 10 78 2 17
1628 10 78 1 37
1629 17 78 2 16
1630 17 62 3 15
1631 6 62 2 48
1632 6 61 1 22
1633 10 61 2 46
1634 10 60 1 46
1635 11 60 0 43
1636 11 60 3 25
1637 7 60 0 2
1638 7 62 1 13
1639 20 62 2 17
1640 20 51 1 31
1641 20 51 2 24
1642 20 51 1 42
1643 20 51 0 8
1644 20 59 1 20
1645 22 59 0 15
1646 22 70 3 13
1647 16 70 2 35
1648 16 61 3 12
1649 15 61 2 11
1650 15 55 1 10
1651 16 55 0 42
1652 16 59 1 4
1653 20 59 2 32
1654 20 51 3 27
1655 19 51 2 48
1656 19 51 3 48
1657 19 51 2 16
1658 19 51 1 15
1659 20 51 2 31
1660 20 51 1 2
1661 20 51 0 26
1662 20 71 1 20
1663 21 71 2 31
1664 21 70 3 34
1665 16 70 0 11
1666 16 73 1 43
1667 18 73 2 4
1668 18 69 3 16
1669 7 69 2 45
1670 7 64 1 44
1671 18 64 2 20
1672 18 56 1 16
1673 26 56 2 16
1674 26 56 1 12
1675 26 56 0 6
1676 26 62 1 43
1677 27 62 0 31
1678 27 70 1 9
1679 30 70 0 49
1680 30 77 3 31
1681 27 77 0 44
1682 27 81 3 47
1683 8 81 2 9
1684 8 75 1 13
1685 21 75 2 29
1686 21 70 3 11
1687 16 70 2 8
1688 16 62 3 28
1689 6 62 2 47
1690 6 61 3 23
1691 161 18 3 5
1692 156 18 2 19
1693 156 15 3 49
1694 155 15 2 21
1695 155 9 3 9
1696 155 9 2 3
1697 155 9 3 39
1698 155 9 0 44
1699 148 55 0 13
1700 148 56 3 2
1701 146 56 2 37
1702 146 53 3 12
1703 137 53 0 5
1704 137 55 1 28
1705 140 55 2 48
1706 140 50 3 46
1707 138 50 2 12
1708 138 47 1 45
1709 140 47 0 8
1710 140 48 1 28
1711 142 48 2 33
1712 142 40 3 16
1713 131 40 0 26
1714 131 47 3 25
1715 106 47 2 10
1716 106 38 1 10
1717 112 38 2 17
1718 112 36 1 33
1719 127 36 2 40
1720 127 33 3 26
1721 101 33 0 20
1722 101 53 1 44
1723 111 53 2 38
1724 111 45 3 41
1725 105 45 2 35
1726 105 38 1 16
1727 112 38 2 45
1728 112 36 3 31
1729 109 36 2 18
1730 109 33 1 35
1731 144 33 2 3
1732 144 32 3 6
1733 141 32 2 5
1734 141 27 3 22
1735 140 27 2 18
1736 140 12 1 29
1737 146 12 0 1
1738 146 13 1 5
1739 149 13 0 14
1740 149 15 1 17
1741 150 15 2 7
1742 150 14 1 15
1743 151 14 2 6
1744 151 12 1 44
1745 168 12 2 29
1746 168 11 1 7
1747 174 11 2 30
1748 174 10 1 17
1749 184 10 2 15
1750 3 84 2 4
1751 3 80 3 7
1752 180 5 3 15
1753 165 5 0 33
1754 165 12 1 21
1755 168 12 0 41
1756 168 22 3 18
1757 161 22 0 32
1758 161 32 3 19
1759 151 32 2 9
1760 151 23 1 49
1761 153 23 0 2
1762 153 25 1 40
1763 156 25 0 38
1764 156 25 3 44
1765 144 25 2 43
1766 144 7 1 47
1767 150 7 0 1
1768 150 8 3 24
1769 141 8 2 13
1770 10 56 3 11
1771 1 56 2 11
1772 150 6 3 31
1773 150 6 0 43
1774 150 12 3 42
1775 148 12 2 13
1776 148 11 3 17
1777 147 11 2 31
1778 147 3 1 26
1779 151 3 2 13
1780 4 51 2 27
1781 147 1 1 18
1782 155 1 2 31
1783 16 55 2 21
1784 16 51 1 43
1785 17 51 0 38
1786 17 54 1 13
1787 30 54 2 41
1788 30 53 3 1
1789 29 53 0 5
1790 29 54 1 14
1791 43 54 0 28
1792 43 56 1 39
1793 59 56 0 45
1794 59 56 3 16
1795 43 56 2 16
1796 43 52 1 8
1797 46 52 0 25
1798 46 68 1 13
1799 47 68 0 50
1800 47 68 1 7
1801 47 68 0 29
1802 47 68 1 26
1803 47 68 0 23
1804 47 68 3 11
1805 44 68 0 8
1806 44 69 3 23
1807 25 69 0 41
1808 25 69 1 41
1809 45 69 0 19
1810 45 86 1 39
1811 45 86 2 16
1812 45 70 3 45
1813 45 70 2 17
1814 45 53 1 8
1815 50 53 2 4
1816 101 2 1 43
1817 105 2 0 49
1818 105 2 1 18
1819 105 2 2 41
1820 46 68 3 16
1821 44 68 2 10
1822 44 58 3 29
1823 15 58 2 50
1824 15 55 3 14
1825 1 55 0 16
1826 1 64 1 11
1827 12 64 0 36
1828 12 84 1 18
1829 18 84 2 45
1830 18 80 1 49
1831 35 80 2 31
1832 116 2 3 30
1833 112 2 2 8
1834 39 57 3 35
1835 39 57 2 4
1836 39 53 1 2
1837 41 53 2 12
1838 110 4 3 42
1839 54 62 3 31
1840 44 62 0 13
1841 44 69 3 49
1842 25 69 0 43
1843 25 69 1 35
1844 45 69 2 44
1845 106 1 3 41
1846 51 52 1 25
1847 51 52 2 9
1848 108 1 2 1
1849 108 1 1 4
1850 112 1 0 22
1851 112 13 3 42
1852 108 13 2 39
1853 108 11 1 45
1854 118 11 2 14
1855 118 9 1 17
1856 123 9 0 20
1857 123 29 1 17
1858 129 29 0 40
1859 129 42 3 21
1860 123 42 2 29
1861 123 39 3 9
1862 114 39 2 46
1863 114 33 3 7
1864 107 33 2 18
1865 107 15 3 1
1866 106 15 2 49
1867 106 15 1 24
1868 120 15 0 12
1869 120 22 3 29
1870 118 22 0 41
1871 118 27 1 11
1872 129 27 2 28
1873 129 14 3 25
1874 118 14 0 4
1875 118 18 1 33
1876 123 18 0 29
1877 123 31 1 16
1878 139 31 2 31
1879 139 28 3 5
1880 134 28 2 33
1881 134 23 1 48
1882 136 23 2 1
1883 136 23 3 32
1884 121 23 2 47
1885 121 18 3 1
1886 120 18 2 40
1887 120 9 3 6
1888 114 9 0 40
1889 114 18 3 15
1890 114 18 2 18
1891 114 4 3 11
1892 112 4 0 4
1893 112 8 1 48
1894 117 8 2 31
1895 117 5 3 28
1896 117 5 0 15
1897 117 13 3 33
1898 108 13 2 17
1899 108 11 3 13
1900 108 11 0 12
1901 108 16 3 11
1902 107 16 2 23
1903 107 14 1 42
1904 111 14 2 40
1905 111 10 1 38
1906 123 10 0 45
1907 123 31 3 38
1908 121 31 2 18
1909 121 18 1 20
1910 123 18 0 16
1911 123 31 1 27
1912 143 31 2 31
1913 143 27 3 25
1914 140 27 2 45
1915 140 12 3 34
1916 139 12 2 21
1917 139 12 3 33
1918 139 12 2 6
1919 139 12 3 26
1920 139 12 2 19
1921 139 12 1 36
1922 146 12 2 2
1923 146 12 1 13
1924 146 12 2 49
1925 146 12 1 37
1926 146 12 2 4
1927 146 12 1 38
1928 146 12 2 27
1929 146 12 1 3
1930 146 12 2 1
1931 146 12 3 14
1932 139 12 2 2
1933 139 12 1 9
1934 146 12 0 13
1935 146 19 1 25
1936 148 19 0 39
1937 148 19 3 15
1938 139 19 0 1
1939 139 20 3 2
1940 137 20 0 33
1941 137 22 3 19
1942 137 22 0 3
1943 137 22 1 32
1944 147 22 2 18
1945 147 22 1 29
1946 147 22 0 37
1947 147 25 1 15
1948 156 25 0 21
1949 156 25 3 41
1950 144 25 2 10
1951 144 15 3 34
1952 138 15 0 42
1953 138 18 1 25
1954 141 18 2 10
1955 141 17 3 17
1956 124 17 2 15
1957 124 11 3 29
1958 120 11 2 37
1959 120 9 1 39
1960 123 9 2 35
1961 123 7 1 44
1962 142 7 0 14
1963 142 10 3 2
1964 140 10 2 30
1965 140 10 1 19
1966 147 10 0 38
1967 147 11 3 17
1968 147 11 0 44
1969 147 11 3 34
1970 147 11 0 36
1971 147 11 1 22
1972 150 11 2 1
1973 150 10 3 5
1974 149 10 0 50
1975 149 15 3 23
1976 138 15 2 16
1977 138 13 1 23
1978 144 13 0 43
1979 144 29 3 14
1980 137 29 2 10
1981 137 28 3 10
1982 133 28 2 29
1983 133 1 1 10
1984 133 1 2 36
1985 133 1 1 12
1986 133 1 2 32
1987 133 1 1 21
1988 133 1 2 2
1989 133 1 3 4
1990 133 1 0 31
1991 133 32 1 20
1992 134 32 0 21
1993 134 45 3 44
1994 134 45 0 19
1995 134 45 1 12
1996 140 45 0 38
1997 140 48 3 20
1998 132 48 0 14
1999 132 50 1 15
2000 136 50 2 5
136 45 2
136182
